2815	582
1606	1948
3022	5796
3694	1842
669	2737
1206	3123
2678	2921
5382	3099
247	2981
858	6045
1937	3584
5469	6195
1452	2935
202	4665
4324	2440
5212	169
3073	576
3242	4837
3424	3425
5346	978
3939	4789
1562	4970
400	4708
4504	400
4992	3967
1402	3416
76	1096
4609	1840
3904	727
2932	2560
4741	2013
3585	1560
3142	6234
3045	3500
1509	3608
4233	2034
1326	5342
4579	5452
2518	4992
1212	2305
735	583
1036	4891
818	3282
3600	2315
4288	2693
778	3489
1158	3910
2460	2110
2099	628
5143	3909
2346	5485
763	3807
2222	5804
4504	4312
5869	420
4899	1851
4239	529
4646	4349
298	3995
3768	4712
5232	6160
5296	3706
5959	3439
2329	322
208	2306
5157	890
2687	1175
1743	267
1889	4392
272	4006
4539	1158
925	5748
3649	1503
77	2921
5707	1485
3772	5763
5246	2485
1003	1833
3472	1482
2188	4033
4756	1995
6115	1487
1059	3476
5603	2490
5778	2276
4496	5943
3529	69
3957	1135
5167	1207
5030	4389
2666	5002
4648	6072
2994	4908
2716	4763
3098	6153
3958	1599
1037	5022
4978	522
3444	3460
935	3257
1195	4814
3958	3688
2601	4380
1379	4774
5554	41
248	5755
2255	5669
775	2217
3214	478
1858	2598
1038	4037
3284	4584
2968	1241
229	2339
5535	4118
822	1754
6030	3718
2201	970
5297	6178
633	4789
5253	5988
5050	2593
3721	5764
4546	2016
2750	5579
180	1796
2285	3639
1015	2678
4860	48
2208	4980
1094	3918
4704	4552
2480	4863
2028	3409
5835	858
2741	3659
332	4698
414	2519
5771	2480
797	912
734	3247
4027	4360
5381	6038
3748	4507
494	2782
3234	4569
5705	1021
2596	4127
5375	1338
6147	1143
3632	875
887	2240
2233	863
4835	4251
2428	636
2861	3496
543	2022
5731	3002
347	5150
627	5574
5157	1067
5722	1012
1177	5521
2804	2475
471	4050
808	6158
1157	2629
1371	3306
5517	4733
5728	1699
190	2499
1245	2580
3494	5312
1680	3367
4076	3501
3633	2701
4735	2293
4977	219
1730	3997
21	6153
4596	2076
982	1395
3443	4526
2398	3566
1009	477
910	4312
1408	3849
419	4493
6193	2187
3129	3898
840	5116
5023	1175
5713	4279
1652	4824
4824	2085
4726	4393
5377	5896
6099	16
5897	3407
4051	1782
1132	4637
2564	4199
485	4409
5763	1767
1658	4687
2518	2979
1796	2225
1201	1955
5133	1304
1575	2629
1785	3075
2756	1957
2113	5397
1588	3153
2209	3756
1256	2669
3813	500
730	2022
444	4109
3909	1996
844	3437
3198	4093
4518	5243
814	347
1561	820
3650	4514
703	698
5965	1960
1891	2064
2057	114
4878	1395
2137	3116
3508	3686
1441	801
2259	4795
212	957
5469	360
1163	854
1081	3214
1205	1137
5320	205
4196	1116
4008	4094
1351	3818
3378	2419
396	5764
2220	2436
3256	2213
1049	5322
5772	1076
1544	4760
2633	43
4466	2778
1992	1670
2696	6053
5867	5179
2277	2781
1910	258
3401	741
5065	4450
5410	375
3051	5599
550	2508
4331	2194
4710	1735
1712	1181
3039	1515
2745	4956
786	501
2238	1706
3320	1042
6222	3118
1605	2165
6029	4485
2592	2054
1388	4194
2178	5116
3444	3216
5616	4088
1547	4347
1030	4545
5175	1895
5640	953
5421	2712
285	2688
4739	5732
2832	1143
1224	1125
4598	2604
4561	22
278	2909
303	789
2799	3737
3745	3647
4438	2690
2925	1685
4122	3436
1275	3228
4805	2426
2210	1773
4837	2082
504	850
3166	3257
4917	2513
862	5021
3382	5853
3284	6215
1138	1577
660	6106
5080	6131
1232	173
866	4616
2176	932
3114	1949
728	5346
401	2034
2521	3679
5495	1496
4688	1746
1262	4274
5450	145
396	4514
744	4210
2203	4924
5288	1874
1482	2941
1757	3825
1201	4429
4019	5967
1885	4512
4258	2712
1990	6113
279	6129
657	1488
6151	584
5791	4274
5040	4163
2131	4524
2485	3981
2641	3725
1479	3673
4108	3515
709	2258
1631	674
3069	851
920	5665
1513	5289
1490	3847
500	5617
5678	117
1032	6083
1880	4852
3521	317
4853	4591
5849	546
1261	3309
5738	4988
158	3781
3675	1553
2409	4686
4874	2661
614	4081
3128	288
947	3016
4175	4904
1166	4733
1534	5405
3119	4210
2770	5544
1701	1643
6144	1539
2684	346
510	1245
3674	4205
5435	3772
416	1182
556	4999
5367	5552
5392	4104
1747	1296
5180	4086
1626	504
5892	2507
5050	4299
2490	3534
4512	6146
1410	1577
2385	478
1319	2611
2850	2470
2202	1746
901	717
3798	5589
5382	4007
5900	781
5493	1071
5723	5425
4567	1784
3716	704
3667	2809
3090	5202
1986	750
4710	2561
6113	3617
3392	382
2585	2188
4606	5914
6075	5412
3358	2233
2124	6174
2421	2656
4940	1768
384	3402
3902	932
957	5595
20	1706
2720	3341
3724	2574
2462	2599
1969	1175
5438	6202
2146	5142
3240	3805
4484	1388
2757	6076
2485	4897
4947	2159
223	4481
2689	1873
1194	2926
5042	3351
6197	6061
3857	2831
4471	4203
2970	5077
4157	3552
3792	5971
5894	825
5966	3352
2204	188
2454	2187
1549	4477
5079	108
5414	2789
5102	6181
5807	717
5754	1920
6074	6141
6231	2317
5509	5886
1864	1357
773	5282
1785	5946
1641	1894
4397	4377
4396	756
2312	5921
5418	978
2169	340
5757	4049
3173	5960
5298	2271
2083	1486
5518	4077
1537	1297
5869	3915
791	311
585	420
2393	2984
3282	5911
4500	4851
3971	1677
1449	4895
1267	322
4158	942
1823	2802
883	12
4811	5391
2002	222
2739	5238
3983	1907
4288	1242
911	1226
2930	4903
5307	1206
4435	5005
3010	4144
1770	3567
4120	4175
3474	1945
1011	6030
192	1876
3214	4804
461	1496
3515	2299
1032	2168
1062	5197
1854	4224
3545	2649
4117	4327
1926	3749
3968	2470
1852	628
5968	5929
4349	1700
460	2948
824	4032
1525	388
5975	4586
6058	3046
2019	2357
4108	2285
2448	135
5707	5561
4686	5772
3288	3978
4151	5658
3440	6180
3863	2081
5094	3258
1845	3193
1232	678
1916	4365
5770	1501
4524	2931
3801	4021
3305	4413
6104	3827
2876	515
1144	5045
2819	3763
4803	5358
72	5988
4238	1479
1731	6155
968	5383
222	1582
90	2369
3589	1215
388	1443
1385	4470
3512	842
2204	1161
5517	118
5834	77
1838	6199
827	1622
4575	5624
4565	1444
3898	6192
5184	647
221	1362
5387	6145
3560	1058
5750	2835
1873	2883
726	101
5845	200
2527	4096
2107	3559
2040	3193
4988	2294
4630	2924
5346	4805
4541	4924
3344	3217
2620	3521
951	3159
2979	2928
3500	3125
1045	5981
5911	1664
3978	247
3429	2318
1887	4072
2164	382
3306	2324
4398	4963
227	6152
3855	2726
5391	2118
4370	488
5024	1776
259	4211
4540	2408
2696	2905
493	2078
2381	2102
2716	575
5756	1987
4743	1611
3310	341
3805	969
1392	1982
5648	1277
1264	2527
5592	3268
5640	4663
2200	4119
3568	3958
3898	5719
942	2205
195	3772
1681	4707
4442	5834
2605	4410
5819	935
3543	5606
1714	3332
5215	3729
5568	5393
3101	286
1104	4546
3651	1094
2801	3158
5622	2906
5408	1938
4384	2163
6131	2567
1603	2086
1119	6224
935	1415
1794	2461
5442	821
1061	4891
4948	5035
4562	3198
4212	134
1993	6079
2905	4289
2390	860
3394	2657
4782	4190
4082	4355
5271	3365
6096	2583
3341	2039
1120	699
510	5397
2415	901
2069	2724
1885	4579
2033	3104
4269	5815
3991	3342
3676	2579
653	941
642	3269
491	3345
3784	1002
2557	4832
2134	4575
5641	337
4877	2408
410	2463
3871	793
1387	332
431	1098
3492	5086
5688	5610
3758	3747
4071	5463
1159	5304
373	2012
3477	3474
4750	1733
2775	4270
4250	33
3547	3995
3224	4460
2542	2896
168	1414
287	3446
4461	5400
5823	2785
5668	5831
5307	1550
1639	2824
4248	789
2393	5884
5846	1780
5017	4608
4278	1653
5284	5315
5971	2535
581	760
5224	5229
5429	5711
3898	4730
4124	1327
1064	4901
528	227
2889	5866
328	477
4475	4765
130	777
1553	4292
896	868
3332	5359
268	2244
5310	1911
1155	2740
226	1851
5339	940
2619	1878
3242	2376
2348	272
1850	3043
1469	661
6059	5627
1583	4776
5636	611
1426	1539
1451	3967
3789	4043
1950	5205
4442	5263
1166	912
249	5186
951	5027
1007	1216
3802	5284
3636	3263
5277	499
3107	5229
940	4556
5987	1748
1802	404
3410	4900
842	1070
5528	2197
5202	1327
1917	4549
2299	2036
3458	779
2555	2143
1539	2206
4392	4221
231	1273
689	5427
4951	4202
4893	2499
5314	2164
4677	2706
5590	4508
3442	2612
4199	1193
2606	3755
2240	2186
4667	1255
328	6136
5994	4678
783	2359
6199	3815
103	2770
4472	522
72	3276
4069	4283
3184	257
6110	4335
3460	4941
1165	5694
2650	2440
2750	4373
1306	5841
5988	794
5648	2457
4543	4439
831	5619
1505	1189
2117	6213
3674	3910
5377	3700
128	4260
1525	3965
1333	607
2467	5457
4118	1255
903	4409
1846	735
5324	4980
3237	2484
2208	5747
5963	6205
2831	5185
2875	2623
1980	5838
5488	283
1731	616
4193	2099
5538	423
5091	4603
4909	1529
1831	5022
511	3127
394	1550
4157	3254
2512	4635
699	1548
983	2619
2685	2542
4058	3331
2416	5523
3915	577
5791	2087
2085	1234
5980	5138
5546	1277
2100	2388
2958	2737
4625	3611
3496	3694
5246	115
3993	46
3505	2519
3366	3988
853	2024
1501	2804
2569	6115
2280	5032
6178	2872
820	938
2570	1615
5414	5993
5451	5742
688	2139
2804	4433
4938	1744
2574	4166
2697	4320
2839	2185
1597	3314
4006	2838
159	5797
91	1609
6001	5101
459	6181
3602	2668
4423	782
3064	5093
2871	5763
5697	1488
2937	326
5272	2175
2792	1898
4621	2283
1938	808
4324	3856
4153	4526
2119	203
5165	3156
4664	5172
3720	2803
4402	4205
278	4246
3007	356
5261	3630
1028	4786
4437	5245
6124	5496
3325	4019
2435	3146
3117	212
1094	3391
3782	5040
3065	1023
1590	5892
5845	4334
663	3123
3598	2984
3914	1317
3375	5574
5411	1539
3822	3834
3990	1779
1606	5952
1420	483
4980	5769
5826	5087
2372	1526
636	3589
5265	2512
1927	4941
4457	5467
1916	1383
4373	5009
1469	1886
1068	2033
5607	4537
1099	5041
4353	1234
6151	659
286	5177
5191	6043
2348	17
2254	2454
2084	4681
3720	5454
1269	1143
5133	485
3296	606
1425	86
208	1280
1753	4539
2299	2313
4249	5206
3061	3600
4425	30
2004	494
4032	4447
3440	696
4029	91
1263	5718
4955	5119
5973	4511
389	876
565	2868
534	1170
577	1528
3750	3439
3914	3252
4372	5107
4965	4132
5151	3117
3794	5598
4424	485
522	2474
3488	254
4439	5383
3175	4288
1617	4915
4098	3564
844	3253
3913	5211
2603	1105
3322	1090
4437	4967
3665	4314
6023	5188
1938	4886
2979	5537
1254	2987
4937	1641
4486	3190
1198	6140
4572	6016
1303	556
2897	1913
129	2025
1867	6056
2699	4543
3359	5875
5265	5460
4160	4613
3000	873
3832	391
4956	3594
143	2742
2126	6076
2852	4339
2619	5362
93	2668
4510	2885
703	3227
4730	1378
1729	2976
1461	1853
452	4710
4993	433
2994	5303
3810	3288
4268	5872
2448	2617
2312	279
6159	2400
3339	2678
5345	1442
3010	3908
5657	3660
4160	1603
2059	211
5647	490
4818	5696
2417	2816
5534	5344
1453	3882
4234	5657
5153	3147
3299	2963
4956	1476
1296	5025
5228	1222
1304	3595
128	4705
