-965989
-722349
-690916
653579
-912830
958596
-489464
-576885
17033
-67966
-852769
462353
-715937
501419
584421
-555721
-829649
605433
259622
51182
89693
601877
984942
985341
351772
-812197
533409
-454265
532058
89632
173065
-424299
-373874
-666161
153804
121000
493689
424161
-21148
-919284
-178246
-424984
-984932
887339
346989
548998
619909
-890854
-106945
845895
850448
718722
-224551
-438966
196691
-409721
-251853
9101
-764710
348152
-476950
807893
-741323
398156
-693340
261447
845645
-426895
-516776
220858
706378
-628984
-632546
175366
122426
-298922
-303722
-333108
621140
-364445
685793
698669
423954
743225
230705
-478319
619605
-641056
-876898
901631
-419278
703219
-363144
-200996
-9708
573003
978883
-617260
-742493
-301898
-854548
-931190
-577728
154794
-136614
699290
-810152
38961
608408
-459809
289485
-188146
431941
-44157
-176136
750933
-893113
144067
-15992
-870719
851462
-460934
291434
-402991
869423
-173762
719632
373835
277148
-187951
142286
566678
-18222
-354551
580289
-162992
639520
312638
668640
-516704
-12341
805343
-458056
-116833
188397
179249
142601
794813
-69280
552032
42275
-364270
-512941
940371
854969
-820199
349369
-317993
353426
-322519
516951
-733803
-394955
363053
-863448
-48591
422950
748268
187857
-154393
176271
-370887
-74224
-889330
647733
-720062
-773969
-416698
654658
277322
-862155
-17737
625746
58413
-912378
-739792
727022
-812774
6710
-52367
-87253
-379052
-898643
321896
-995212
516528
801242
235407
-509601
-314805
-157106
581611
-285497
707002
636109
-97546
636873
651921
454549
-959555
-583289
-155678
827680
-942743
983062
173104
-696452
369343
-308417
-842918
-692353
-13593
-835265
545506
522625
-816162
51528
-698246
-360626
422383
-252737
-527895
-969389
926243
-414395
190790
837845
-386017
-412071
878902
-64096
-156950
790750
-783004
-217685
57915
-350467
757798
-402841
-732145
536814
-19649
-495791
553431
-350612
-823343
705047
535441
244615
364997
-589734
180090
-183272
-757203
409338
413735
-218132
601615
912799
357731
511625
46912
387967
-450300
946109
354769
859406
-968399
-685850
824921
545515
-485671
171256
-492862
654016
-630061
-72291
655372
-454835
522960
-955984
-452243
596001
155963
412893
898359
-736419
661201
480566
-619164
-445642
274720
-202555
-282423
-22156
-814262
-864036
232917
383998
443618
115069
790253
-78379
794265
219484
10607
604431
-746275
161649
661508
367676
-763695
372136
792656
601622
182822
-539750
-704981
-898546
-155984
-327376
-665544
718783
541243
-70971
-910897
715052
995575
-837139
-46718
-246957
-132908
-443689
813729
-204526
401247
-991388
421329
76073
-899698
323534
-116752
810898
-974593
-444113
27285
-430423
423469
70006
-169098
446248
-182054
-646536
-110456
327045
-545689
-4240
810238
839061
671093
-101917
-902050
228399
-487908
520807
-749720
-778621
-85577
-518955
-284274
-833998
108060
-82246
104585
-388988
-908365
-69492
244186
906722
-694073
512846
-336179
782945
-154033
391221
733255
-115632
363216
-241299
-159296
-22565
-153349
709135
420814
331484
-144666
105032
796632
-604311
-31476
-463918
-645779
384611
-973082
-583274
309101
397228
811806
-385972
-754169
349975
282420
287916
451093
-274317
786088
1255
-584493
-999826
567350
-981282
570659
376603
-918863
451100
-991669
-535897
-365259
168868
-542401
-384530
-71536
522764
-520061
417889
-498230
-241264
-249477
105272
-63225
655018
-541837
-289846
-851489
-638579
-42099
979785
-892272
202069
-732492
-3938
-10416
-597734
-538056
-477174
968396
-44604
736761
42849
44754
-973897
-23014
-637559
-529672
-66226
-31620
497277
-889968
444097
-227307
-928678
-452685
425515
-451590
-376820
-805614
-752898
-40806
-984989
307713
-554604
-484511
278948
229199
648285
-471970
757194
-598245
-456888
-728935
413852
-278721
733859
969216
-633993
-316329
-321966
-842636
-687457
-453695
-598534
-63753
862044
290502
-67070
-398404
715687
558009
-625494
-130857
152697
38293
-142614
-428734
323195
-732241
-157774
248937
804614
867696
-377136
135585
-79610
337043
-91893
661639
306662
-889671
-769177
110959
553355
724944
984398
-360426
-174654
-832107
955610
-242851
-563107
548814
324281
-585927
-219533
-844266
399585
722252
-991009
653004
224632
150127
-59853
-970579
-114010
-626592
-269065
-756746
345888
694201
-294878
160316
-621305
-609267
-517334
-658883
-891731
581298
-103829
614242
389288
662308
-625479
-665904
-534824
769756
756819
366544
-940384
950531
862648
-457887
75645
-603787
379486
208141
-317775
-552618
285147
689781
254221
227368
349798
-615583
-163515
439111
890925
710714
-753555
-417827
308479
-377582
-463842
204541
921736
-600619
533133
-864728
801222
-879251
224143
723261
25286
-381008
-253367
-988977
-589421
-220347
291190
-573524
-938001
-212356
389526
-909532
-225628
918323
86769
328759
-493986
499916
144058
550782
976627
-953765
262616
276104
319934
-988143
-650807
825435
-689475
-630407
933357
275059
-197680
197762
831489
95782
-262819
856003
-234345
-397168
40454
77310
884731
589213
462853
-213460
309183
-907176
-216235
94827
-329899
629021
-811487
990649
298529
-8087
-586524
-138969
701522
359146
-791868
210834
-218846
940952
898643
41056
708151
589143
-791965
-268441
-304747
-722203
658180
-544539
-243114
545247
-305582
-44974
988878
133484
-776685
-102220
-131667
-328108
645630
618724
486616
-731046
754227
-558876
-108751
-755963
-467397
49395
224741
905748
-124144
197848
-882629
87818
-968748
-209902
862989
458698
-329409
-58155
-658438
195577
-353059
676527
-204208
527649
950760
-809233
237519
-711424
-318706
-399240
169419
802465
-541216
597377
-516555
-450010
285562
-70398
-655137
-983248
-269496
728169
376850
-856627
-362459
-332866
455601
531957
-134339
-792658
133863
-738790
-13826
16864
480608
-645366
472221
524513
-629927
-449523
966644
357505
-352596
-477221
-424652
25627
889177
242829
876993
-700243
864781
-777722
931195
-709584
-156187
605942
-767963
712112
799207
-850475
-503291
929096
539414
252250
872853
553304
508993
-195113
-132994
256589
397860
-601826
-683363
475274
985933
373827
441586
-556672
733308
309459
-212471
414215
332822
-198103
229269
923223
794188
-88937
600312
-246287
528096
-393959
399755
-629560
791340
-595731
-982484
500452
-823218
99793
-647732
232635
-288546
-127639
805178
-695358
994218
703205
101541
-828375
-155842
112157
-766970
-751043
-862555
-219757
-195803
8299
105244
-256085
-989475
236699
-91087
273143
464304
-265395
-134475
529805
167689
157883
490739
-747027
-809046
496272
164486
-3163
-120321
-77557
858111
419456
-666539
140735
872343
944122
445956
480010
578766
824564
788822
834888
625448
561325
-724477
-988211
150481
-643418
783992
642064
934439
731443
697089
673348
597846
-246577
934075
-990095
702471
-120904
-336803
-829152
-380471
-112427
81606
-783569
-885879
344813
393576
864696
-492713
-205946
493901
371760
343602
-993871
-79222
42263
775003
-606439
-937975
-619319
474194
-371073
-597717
674133
274683
-979304
523829
114315
196735
859761
-246298
906694
707487
-606356
-510225
-523962
-830917
-204058
594730
-750028
854653
903353
-997724
141784
-218163
900152
655147
982002
251422
535403
-565728
61556
-150393
725761
333488
-532885
406206
333722
-174638
-826092
-884671
89182
-20783
384288
424147
-253629
-217719
94725
468459
-682068
516372
-846593
-913182
-389966
993681
428939
327369
-546783
632257
-200293
-335169
116512
640647
85581
205314
245433
-369187
-62956
861426
557867
-204302
354883
-314739
-760776
449316
-855435
-143823
-394738
-332058
-743948
638246
-139201
946929
28014
-350622
238935
-88132
104860
-409755
-223831
512790
594333
-863730
824587
421657
-902039
511510
-636916
95177
88806
430489
-402899
-351283
517592
248834
910869
-824625
857176
-827370
233754
417094
407562
-171340
402574
-108985
-878475
-16752
-896692
-311863
887232
715819
856414
-115879
-693863
136347
-520754
442817
698972
-857734
90216
253038
279880
-356697
157258
772122
806418
390796
930358
739802
-549276
-974236
282369
-838288
490071
258577
-494335
667607
-202323
434810
-889253
396234
-720182
276735
-308000
132111
208752
644194
646213
-89402
74466
949858
-669446
-315104
763819
817678
-235373
978395
-660005
387957
160981
712016
656000
598759
-263624
-272427
-169035
-417795
-745397
997245
-342281
-389059
349160
230935
-398686
836066
997937
781821
35223
449054
-187815
987316
722739
351238
362388
269196
326126
698778
-13035
177339
259804
300529
-198316
-242208
-346811
15886
440197
563199
509536
-845628
-301798
22149
-599513
694874
-43362
586318
14827
955268
-355260
941109
-563199
-864259
901782
-958727
-241519
-640935
-286262
-269741
903976
439500
-809856
261482
-759605
-952889
330368
-265600
-751561
-598435
224124
858645
948566
356461
-224059
804815
712722
318813
-712520
840561
722735
22076
695171
833751
602106
-23172
414877
29930
695767
-127620
-126501
377569
-163320
-372657
933046
816422
915383
970148
184260
-415329
-649467
-816901
149894
344281
-580465
-600542
-912438
721386
905580
-406903
57399
-862604
889849
920655
191057
970713
-334254
-422588
139249
-896241
376375
-338178
180007
997158
608862
110438
-394153
741592
-171445
206354
544721
693396
-13361
548161
-342995
869871
-517044
593907
831755
260466
-999740
609538
980228
916896
-790767
-771742
35006
475066
-860626
-114658
493775
-262859
-184132
224479
655304
-183147
-756495
160893
798413
429426
-263325
-587074
69310
138444
626965
-911659
-168928
-938980
-597643
-562109
292407
429339
221137
-789043
877261
244756
-826049
-823263
-650056
478438
-742411
338034
421464
-230802
301954
-445315
-654996
295102
-273995
-589653
-279557
990698
770616
788919
228455
476515
-302422
-329933
-512836
-408314
-336978
-957290
715895
-968752
423025
-311875
-999003
-599460
-74246
-183831
786168
853194
-463844
-782767
480944
517483
-700377
104288
-795392
253813
-348129
238017
-540295
906138
554588
-606983
69205
-253671
-8496
-591891
-349047
934669
-702721
725639
773760
-2226
-808872
167253
15414
479915
848242
817802
377260
-313839
-603686
172072
-619087
802643
-765742
848648
735258
790125
-640996
-941389
31500
168005
379820
-728182
201601
864825
-470015
-843359
-423876
-126121
-62373
-427066
521790
-3416
-519227
-649913
-608235
-352175
670713
-956463
334294
278860
-771261
-198074
108472
8690
912883
-577047
18917
917260
-158218
-47741
-533730
-455677
-595967
-829549
458917
21965
-162010
-216347
-885057
-704578
-943043
-224876
164493
-670859
-93852
-726472
-603531
-249951
184019
977515
85116
320040
785904
151158
556810
778352
-281650
590077
523812
-180617
316666
-128338
479277
-436822
168402
-744777
9190
372073
435295
276958
-881812
-746428
-86548
462704
-473827
-14429
386717
-121791
-510704
582335
-71192
521
-891566
-678695
284050
625030
-479803
632211
333345
-499600
-79169
844926
-260874
441751
-587783
598359
-300015
-729077
-802966
133909
885365
-503420
-795795
612941
605527
949061
68973
-860707
-58735
-649380
-537418
-983908
129512
793205
683487
-536481
239521
-839099
-985779
-562928
-689719
-36109
213973
216581
178732
774029
-902823
-907890
262024
361325
473925
363350
206878
142019
-950918
14318
42990
-779496
-474736
-969802
994350
-948415
-654463
-407006
476407
-918600
813625
647625
-417100
-921965
-799192
678944
-532866
-719157
548691
514930
763836
-857900
-191140
-556686
-108554
-218942
615746
-618234
567625
87882
-994405
478829
259259
942297
-253798
128184
331812
-182960
591007
-310665
824289
-709727
-24032
647357
696280
564285
875827
-221469
-624490
-545179
-22951
-626152
-577270
-99136
88064
-79238
8092
-295968
-421777
-948239
-943737
536259
-342512
930195
-90172
347796
760067
588094
-269731
209854
-306365
743442
346892
104049
-487582
-90995
-282444
-465642
470994
-425181
-270414
30678
-210508
-90461
-280440
-341985
589660
-704471
516271
-585718
909488
-986359
-79603
-284884
505174
908479
-70061
871887
-825973
-786930
-278182
-227827
-244802
-488670
500410
962091
-849855
207739
447350
-836925
-11384
66834
882101
782923
-19197
-496285
380170
-221285
-233246
793717
-403732
-384693
-497913
-825432
382077
-363633
880811
-166510
-28594
817290
220242
-755148
451674
-528293
132658
-928966
51640
811264
358728
-727358
798675
65664
995439
-531723
-161832
999981
-532914
495018
297802
-754793
-601565
176564
-471806
-864945
185723
-351025
539536
635418
-37611
989920
400232
-935640
367105
645614
-590227
-904017
-796584
732564
371234
691225
728704
-193126
-945796
438614
650595
-435396
895529
-960403
-817302
262236
-200864
795702
221771
933059
-92233
568522
-457610
73155
477230
425381
258687
-766833
-6777
843121
224043
257055
118113
-231363
452244
100516
233733
-346806
682459
586056
703854
870896
-952500
563168
8545
871652
672035
700631
-520090
-845781
-676344
944509
554050
-141445
800779
-315650
-903472
212502
740849
343640
602127
-741939
275014
344049
-614815
20949
111259
-861749
-161664
396788
-355829
115990
-917073
-851251
-475137
-699923
-407271
348484
610893
-957349
115054
209826
170419
49718
504607
395170
-998233
-323037
585442
-786023
165658
-115447
-497563
528111
-842950
-1277
-521818
862843
-330611
-706387
-252525
801274
593117
-625100
434923
-752961
458145
-533941
208520
826170
-298140
689505
115096
-551772
116906
-564090
92432
-982928
-303154
218961
30474
766727
-636279
479127
102776
801992
-552114
-664475
-134700
-670830
-837031
-608526
69494
-906973
-693616
362336
577463
-300312
-49716
-61121
-850467
-497410
718856
633039
-519184
492079
111935
-191574
-461954
315618
764903
109435
-135602
151960
89014
-925287
-395953
-288659
902862
29277
259176
-982648
323844
40981
-558187
425285
8565
924629
-50295
270547
373433
-581267
989076
-717959
686751
-886717
-414803
917835
732251
-572639
204519
520516
552745
-461767
734197
-261745
-649939
-246899
591449
204992
-914340
563918
-140050
-96272
-906866
-620975
538150
-103438
780500
193646
509786
33018
327855
273003
-611825
-779307
448199
-302157
256836
-947552
954233
890921
412489
-145884
567482
-44663
-461840
-376408
516347
957503
-683547
-342994
417983
-357802
679015
888362
-930093
944722
487673
-994253
263273
871736
298702
646360
-693512
-166440
-891939
-749361
-23927
394331
541442
-417088
339051
-816476
653092
-191762
-214749
334749
-604795
-935080
878842
224501
579443
-703883
-690148
-48604
644378
74148
-177054
-441493
626800
-952277
475909
460924
-97578
234461
454130
-518899
-221762
811904
614815
-448643
-339695
-323629
-963769
-922498
-231523
150107
-136007
524364
-845060
-238149
-285538
-607767
729626
56852
-266061
25152
981675
809061
-516734
-520368
-406103
631916
916935
354273
-131443
-396438
990003
-913001
955689
974427
242514
517988
-137812
124138
793134
-93894
-271477
-84392
-533326
864867
616899
729351
-487262
967142
846792
-794846
-328413
-750573
-298723
364944
-531715
-449127
-960693
-520311
857578
664255
-353624
-284354
729840
-335725
-550212
-195388
-978830
-935115
-63966
883405
-184600
832609
764561
-836540
-925935
132658
-189892
407250
610529
-639705
-593317
626406
140034
640912
-531353
180726
-161951
-466419
168372
-997530
305527
-973689
218800
47733
128276
991739
913823
701138
-874505
356600
-701899
-178558
-402944
-58290
-378336
-238651
-752078
749795
324238
-977246
831791
872781
971472
-131593
-353106
-39158
-78074
-492721
-831924
782150
-350556
1564
731932
332575
436846
85897
161423
-435302
-66249
1372
687163
-561
-759024
464441
-44859
769930
231196
-505657
-958313
630525
-816054
837419
276647
-735863
-525020
120870
-292440
-203822
-761590
797390
-941302
466316
948001
372261
-661699
-288966
538369
313429
570653
470205
2631
-727553
524771
677460
-834490
-464276
658173
-96667
-802237
14841
-893016
590133
739152
-289501
-200123
-391769
373508
657735
467618
-323934
-757693
-158604
-819145
-105817
983747
-262091
937822
-191746
-118994
-392502
-916606
-600563
836491
-97512
181461
35854
-338451
4749
499604
-739560
-112198
-438417
741964
162446
339229
587281
265909
-928092
459014
-359797
-432416
-488663
-230207
704398
260095
-740937
-228074
-64664
182361
-449151
-323616
-91093
-409479
-880596
87034
-416153
142943
-593090
-151006
-449871
-901537
298006
814669
-992491
-853034
-464106
739802
451297
465693
-647871
-338972
146669
180564
188581
997954
386317
-127435
-67792
450560
367649
-929003
-386759
424327
-58113
77447
441751
677478
851099
-438769
859886
-559491
-279325
-220154
-649772
-163545
-470770
-867005
641588
121528
251238
651157
756706
794797
-222498
-564968
-471537
-280951
932329
298589
635044
-119292
-803485
263380
632785
261638
-25829
-795290
-286671
222832
109899
92142
-978810
509514
-571883
279547
755103
868285
-480477
-160653
858042
-452740
-493345
-351940
120274
561949
637867
-714045
-688346
-860326
854474
-987951
-986098
-249334
387936
-639551
-586609
-861017
849325
144247
-535738
692983
130080
-555938
405509
-272336
375541
695822
-502104
583726
-934222
-216890
882119
-176196
-615148
-979317
639359
10124
-485387
948014
329509
500648
-36699
-544428
12048
-838818
969520
983950
466747
895363
18270
-74462
419637
467432
963768
-732619
-303603
-869173
851360
615518
93938
354669
767388
-58307
-620934
-324229
-117501
-998607
655254
-418629
-872665
753554
429762
-269682
-33852
-79308
-932153
-101046
-351531
300135
988887
1000
687239
3407
135241
510339
-495092
793013
-155185
-593468
-980917
-220562
-289421
-482299
-807761
-306715
616414
425773
435920
76281
-751406
342597
62131
670921
107560
-916093
563662
-693034
-478772
887861
-875308
227764
-154424
782029
760783
397697
680847
490794
-242317
-237824
-124429
421378
526420
142864
422807
-877193
377550
977696
-633601
-194866
696508
537714
472988
833897
-19214
793164
-53329
766878
457511
299261
873826
-155422
966859
560023
382860
-415440
-683058
713124
-510012
-166398
237192
650706
-352834
-131595
979129
-997759
-167985
-540408
-896630
-379315
-261199
389279
269116
-707505
-207486
-119415
119056
818463
-496390
-409451
-349037
494533
-773985
464485
956515
368418
323600
117644
786789
801098
235187
-758625
-412845
976920
875284
555661
-901927
-380172
144684
603051
1562
276932
723359
569371
-83865
61902
-515789
-936973
882436
630131
785039
-12761
994969
-302001
-828279
905117
-649211
-298320
-846645
525173
-426995
-593911
401706
205801
299048
720162
876201
-951111
-380952
-103712
21782
277545
900995
72247
-570140
872483
332392
506492
-991762
-237809
-419293
558708
911359
267137
-800135
614303
759134
-720357
-491966
-384849
-294502
-569575
-113228
71454
-265924
-953548
-222334
-107512
-629395
11635
-20199
950393
-414889
421617
954406
-312307
883847
479928
892878
795433
483770
-68148
272349
735254
262268
16496
308091
981147
-120639
675946
-943379
-305710
-389399
626986
636363
46052
917759
-91846
-465271
531786
480299
350508
-485383
-30497
-422339
864045
-623308
-745755
-932638
556560
-321520
-3911
-891952
854294
-316243
214559
587835
198107
-357861
578241
-569719
292314
610813
499305
-97164
-438844
-696503
306395
-656589
-544293
163219
94226
132234
531170
-62101
-872071
-89269
339013
-951287
-370431
-689882
588002
-514460
-505617
-703172
923452
369123
983649
519240
896810
411677
-526110
-496575
-49520
988529
-192226
-341110
-600950
-494082
20961
750849
-48495
-93665
-330686
-327904
-628244
734345
244331
277724
-87584
-217715
821326
-633304
472414
44004
648287
266253
-144837
-486577
-468934
713402
415935
490418
964672
46652
706921
-114938
-408266
638315
-137757
494953
-536970
518467
15842
-518771
-679781
-805190
309213
33679
-721076
-392544
397241
315266
-409836
276062
-353282
-900267
526746
250019
73000
549717
-738289
-65607
799265
937406
718466
571774
859065
-494135
-375742
9888
765808
744589
334743
-947297
-772630
-843852
323460
-653535
-707357
-980786
391981
-649367
-55824
310869
-554982
483777
386281
-265451
344618
236888
-970082
495391
390792
830806
432125
-233988
872439
620276
959390
-597075
682796
-426844
-837192
793631
-431583
157910
-82687
-24910
-466879
126908
546317
417609
516480
-765186
-236233
438822
-186328
-14772
-757789
-52268
-927765
-954281
-450781
480095
-160921
299062
361883
196175
-322589
-212461
44216
335562
28656
88431
-298958
550809
-496432
65033
-768711
616568
-663823
-341461
-961991
-801693
70538
546958
-410130
-118414
-855784
-531566
471513
-660837
652445
236774
-130481
10925
756809
-730871
-153630
253173
552551
226228
708443
-261319
-727791
-425740
-115792
-624819
-612574
993032
-474693
761205
-812655
908619
-16192
599724
837365
-915556
-14347
-984945
-3368
-585348
703476
-334824
132018
563942
-751803
-653648
-740593
930022
-833338
-213999
-603921
-882056
688826
-645502
-463047
-924368
809062
-66913
-49393
-393314
703269
501231
-651759
282961
-577925
123770
-561525
-818215
620001
21628
-484818
-877037
683941
626689
-821792
-475542
372399
909955
-66648
985974
-309346
-829020
-598493
-175267
274793
-523532
-107152
185946
477170
966082
-655244
948857
791431
433220
-764326
135892
-544191
868786
-422709
-395360
4524
-677599
809636
80195
-280668
676683
993561
775400
42733
-100725
-423343
-234748
-533241
-422094
-474994
-780858
-968918
428310
-677086
290949
556644
-339901
217071
-539917
-220299
-661296
-598996
-863010
126870
-856830
671195
631367
-340227
-717902
-787188
-483142
-153820
312189
-10331
252251
207691
-722900
146482
649506
-719048
-956545
-395252
902473
-484562
-993977
-884377
203494
458527
870427
-892637
-645124
842234
-515830
-440430
-514121
-269851
91478
-263414
680005
228039
963413
-152401
-65249
675020
993593
-666913
626785
-1704
-540939
427434
524445
911478
43809
673695
74221
873176
-163702
578138
-113888
-274091
502672
113667
-365840
-340747
-45836
-268394
415884
795728
-474000
186625
-877642
499161
-934673
-180065
837366
-111614
-306186
405837
143981
-722172
57542
-338366
599564
208713
-341197
-286989
-99381
563192
-956487
-66499
-747449
-884103
770491
746876
62607
193746
833062
-764175
854333
-170349
224634
154219
604830
109607
939037
635804
-340640
442167
-582403
-526661
-222557
638369
394265
577927
-822920
-434193
-858593
-74289
-976005
-729657
171535
980497
994215
-506254
965990
906447
274211
943130
490478
-800341
-176028
-977036
7752
218806
-352013
466677
699986
414511
915256
63815
-800651
-508751
-115701
166379
842400
-445621
-980695
-120447
667154
-126072
-483307
-651937
-225350
-57817
821024
707100
-609940
-852385
-531566
219142
247904
-656515
631068
819283
-801416
360976
741173
-648994
221137
630212
-419918
435262
-971950
961402
-744324
852774
63438
367177
-797993
-523765
-549631
345962
-969240
300237
-717062
-824525
405952
-150595
636676
700997
218400
966359
494102
-927856
-816121
140781
121808
-150736
991323
92377
894950
834559
730107
-568630
657141
222414
510042
-621017
-637215
-920289
-575698
882918
400228
142347
224590
-675306
-968652
737559
423854
8833
-266960
453912
-448695
-805659
-118946
-277634
885319
818986
-927582
808045
155118
459045
586198
-587606
-662852
781647
170118
-928768
744788
-245786
-301571
484760
-67669
231273
-919312
167788
-708094
96119
-892674
677564
-552945
321516
-335733
-226867
-913560
306074
215646
517239
960636
69048
852124
396206
872763
937070
-20353
-20738
-461575
-821567
-306027
-35698
54172
271265
597182
10534
757606
904050
-956479
-387781
-338918
689694
143116
-289053
674920
-659471
-212579
-240911
561292
118926
9551
-920
1961
809848
-8392
-659978
31020
490366
857242
-906317
177165
788686
-758288
70105
-300839
-759512
765857
-305676
947362
437174
462639
670741
960347
943
-174466
263786
-798578
235236
-543488
-20798
780631
-340997
-947790
-462634
221770
-445335
-26079
-374549
499147
243109
-127647
323953
-839186
970976
-457063
111934
-795294
-679969
-882422
-145539
81184
690492
-249164
519430
-619962
435456
758806
-738141
837952
867617
-111057
767079
116732
804668
642341
-730640
-313883
571585
-84633
-598236
18825
95360
460116
813859
-933830
590217
376470
-55672
438761
552376
-38604
-151331
243101
-540528
846151
-526060
-828680
-448572
972213
894042
509491
196368
163168
123685
-798763
-957298
-270482
74121
596658
48789
461809
-751309
503792
-469301
-253355
207786
312687
83860
-713782
140199
995495
644764
-509472
-483625
-99432
-196670
-606401
-902738
-81609
-506859
915646
956566
-200878
31462
-891730
-582116
-965294
-856987
-895723
-13738
-874584
861781
-409317
-975878
-569398
-42422
-317820
760590
-348452
930070
-556583
-496693
483130
326967
568770
573382
138973
44228
811723
-776880
-239566
-197860
-788299
223916
541661
600013
-282659
334927
991221
-594692
919230
-571952
-590017
956818
946546
-953859
42631
-249098
632394
904466
-770704
180826
-73479
253204
-486881
-622481
-681116
-75933
-648859
-129818
-266768
126251
-266177
-788930
108612
758218
-505544
-33659
355135
-121233
-276249
-56683
317968
-647667
670403
-682873
-892590
-986653
143027
-619271
-894170
197139
482337
-198952
814763
260874
250824
934482
125166
-453605
-967263
223113
440137
150225
-951346
531417
-83771
967841
456997
789085
598421
-768436
-661483
87886
576297
-868879
-501211
880273
338423
325715
196305
617752
-753809
913692
492672
-26485
-311778
231749
347579
774370
791688
402373
541615
21883
-859125
-126746
363771
446582
-188029
-989014
789744
647506
-369557
-255213
942440
-144276
417874
60114
-726065
-228712
764198
-444358
574506
-316453
-850717
-967244
531060
367003
694073
-954025
-570723
801227
917120
879116
962267
962236
-432206
64323
-638178
-581311
612513
-648444
-213864
75806
662672
539078
-943377
345091
-425016
344686
-993063
-647071
999934
-651639
104201
291396
212670
-341331
28014
-998379
830004
136121
717978
448031
397595
-798097
-390296
138474
-684070
451130
-50206
-544126
-266746
-858958
-812814
990635
-111808
636911
39569
906181
-708801
-966822
286693
-149994
326348
-257505
-939022
-143542
892576
-231361
550226
-521299
977024
438275
579565
-521574
-433338
-896873
-350798
-981735
-906143
738475
-647881
-576700
-830590
105959
777477
-136595
-33334
-331385
929740
44222
523111
716608
820411
586638
-518885
729233
-720377
236911
977807
842027
-73758
-13942
841095
-791050
218181
-430959
-213965
125691
258813
492874
654151
471062
395911
960987
936161
-664091
541844
-540700
-193205
891082
132651
39957
96068
94245
593805
-716869
-923543
657467
-667905
710674
-977081
794107
482874
-806570
-863663
31086
656157
973123
183245
-368635
742753
-481672
-74704
168989
304766
980358
871612
-921380
-611665
-692050
-142109
624251
568921
624790
411467
208506
-515037
-230029
-853900
19196
278707
552522
747164
-464049
670041
-861794
85503
-35901
-934744
334076
-964594
-969834
240119
81583
-617177
428298
-692788
899080
861535
530654
551729
-592589
-766268
446238
367995
-624537
230121
-11332
-768524
-849224
-252169
160108
-724658
852693
-155267
19869
-355616
-71894
-705716
-9797
478140
729529
662220
-399875
137937
-241047
-829162
-197985
358014
305133
-96205
476927
-759785
-823547
82209
229259
-370412
158386
589079
-699671
-404675
-757080
-662299
531470
901033
152340
-3765
909885
415057
-553927
-630523
-490039
253922
-418510
143385
-772538
24041
726864
490788
-25763
-497078
451998
-745713
896514
-246312
-127111
-769510
-543352
132143
232730
147884
781013
-67095
813504
197348
-441914
116704
539104
280258
941436
-195492
694307
-185231
802867
454022
484265
283096
441794
-929599
-730168
-471235
-388442
-381372
-180525
-740345
30761
338125
606293
434404
82462
-198148
-797973
-852602
198275
-888082
274906
-929931
980164
-628150
-443032
916622
-269844
97092
497017
874908
-692279
707775
942468
-989138
-328935
888288
-996058
664491
-812263
-198684
360082
-678362
989734
870971
870783
-86732
-696538
230857
-231222
625786
-166787
935467
-880790
-491911
-439574
145621
18108
-307253
-536964
933684
-852308
-568040
892164
101632
22086
-314526
115022
-552607
462346
-562236
-114792
445380
536338
566177
-673642
-158602
894617
902076
476825
650636
-147759
-828250
-16086
939458
269668
980830
-815273
118261
273277
389379
-271471
303737
314054
-30465
-585193
-57992
748715
-304620
-545586
-161139
-549196
784417
720249
96213
260105
-189659
995769
-446665
552228
-281762
-800302
698898
792937
682227
-71075
595339
146353
-154873
-691664
513565
-202190
-728778
-65773
457121
-708791
478150
-611369
-917903
259516
457003
-372262
-385733
-516371
673719
-474452
-924209
12470
379022
355936
192041
20573
423022
-341685
-693851
230523
-598950
-38856
213919
343366
362495
-806855
-622094
-880500
-470696
-218325
-493166
35857
388310
248970
-486864
-929489
-917111
739775
-334110
778798
147105
343144
814035
-654961
-413750
-415831
491024
375015
-40002
-22383
153885
-178056
703797
991643
336774
-5165
-363994
751555
-137001
-292695
240689
153605
-359414
-731202
-438786
-789856
535787
665163
775350
-258701
-501563
-782204
-109555
-376849
455418
-891496
741551
-97481
291189
288022
-535413
-879418
67910
-761376
336059
-696303
456954
167466
947990
-92350
-43407
101723
723340
374048
-395154
515299
-756730
560729
335238
481120
781782
719400
383598
661781
691568
128348
377792
-719732
970677
-114169
6139
383882
-872709
168523
-731263
458288
-944301
477703
-894860
606930
-695310
-376882
314832
527007
-989145
-34554
514561
-544956
-221738
773528
982813
598677
709190
-794108
787505
900213
141012
253568
-822407
-977258
217912
733825
336602
120665
553861
593842
-229473
-5834
-511434
691874
210073
-400389
857876
2903
342655
-508256
351374
-670595
-20954
-3742
967718
694348
804540
-438657
-714605
547827
779896
644525
143650
-247812
-727354
669398
683468
-254093
47618
397567
138764
-544125
-569010
-972354
-572588
-629401
-13395
106882
413203
147307
-697067
-620042
-213440
9732
-530543
236058
458513
-441945
-259899
-580135
-345424
335697
-945073
177547
-32875
-606798
753264
-959997
567160
962709
-467234
-97225
-135648
268714
-860672
765642
566341
-324767
895382
-291747
956739
784130
751
-748583
470826
844615
735865
-265612
-359917
-339304
862268
-138931
764926
-179176
-256086
-962724
-517893
-569446
-734078
480290
532165
818533
-680785
586084
-491401
792817
410152
-81288
681558
-697893
737460
246260
-73238
341437
688799
872392
-470288
630775
-590526
-599087
89203
-117091
416202
-265570
593342
88102
-291114
-370078
-254218
-367784
-31340
112495
-652303
-479412
-798186
395225
544278
994791
-309100
561948
-685922
743969
591683
-506444
300592
-808027
-141234
-448187
353121
-977133
-426309
-75496
127463
-794990
479530
-12923
-805890
-399697
990557
-992265
924898
-3763
-697056
615258
721925
405895
-702059
-938440
138857
783522
-809084
257401
798056
-928931
-161368
-302928
980091
250127
-425821
799156
512196
-702738
429813
-789686
-197358
-385836
600028
-480342
104614
516003
979030
689858
514198
-868526
-916868
-965571
-689034
-960359
783575
-376605
788153
-799909
-905216
-708958
16163
594362
-333035
669108
893588
-355836
-177128
-104304
-607102
206745
100272
-664850
-104789
-607911
710875
-535977
340626
-214149
-151266
525309
94131
484315
852579
84423
308215
-686142
-239652
280998
-864869
299919
886405
-840300
-562642
684937
599636
597307
-651016
-144389
851044
993224
-340128
632961
-443894
-604335
-258342
-115706
939185
63702
881216
228025
662472
739737
-415087
872228
-349644
-435310
-991327
-872857
-225501
-681063
-443254
787073
-791708
502771
-884720
-509722
-280875
-315861
802325
142525
204999
279347
951928
-554650
224910
-93183
-869788
-7602
-984956
268107
-70869
-563461
314433
854245
484531
834400
226362
-930240
938427
-266994
746655
520754
774057
-636475
-54773
725980
314059
212033
572078
-874985
107492
127869
-58737
-532959
-718273
535781
-800707
395844
889618
868694
-675540
-584037
910078
-197047
-953517
570964
747812
-720444
-497597
-683954
702925
123397
-634539
-538034
452061
-15105
506122
-26837
297142
-10756
-912419
900882
-329884
-985150
116000
939828
-823460
-791540
852185
-666790
994139
506845
152244
-344760
213429
-433524
182060
352446
-519748
-75361
823610
183494
-179450
-846300
-71290
670819
-956921
980922
356165
67116
-214540
221202
534014
-400668
-324669
-139330
-488092
436308
536702
66886
-963920
-406186
317722
752028
-495420
308024
-719108
284450
909899
656369
-62352
252542
-130002
-528817
-469367
-450142
953774
-683857
29148
-951064
-850923
755220
678122
247444
-40852
-869772
805941
584890
-517168
-227251
-476226
464849
772122
-658602
110661
-722034
417212
582151
315375
-548080
850664
-14277
-179221
260615
890485
171202
-123434
33564
327732
-735612
381975
-895828
-588826
-192634
-557925
-995537
112152
-792440
12341
-409629
49652
-917071
-192657
234155
881751
-279522
554227
220799
530916
641539
-232489
-574239
-966195
895747
-595029
473863
-495187
-291449
-645869
603202
-608930
405951
-635709
704372
-553190
-447221
496198
346925
556585
-552669
395856
379704
-830109
-330022
-339934
733348
-757603
-403018
204378
181506
-876104
408392
874747
-305976
246819
161236
-280087
121786
700926
665006
975056
-690051
944401
-713897
-566746
552566
643814
87348
347656
-181298
995850
654532
-791411
851442
999700
-126726
698537
82124
131082
-683106
-25383
-804849
-655903
348850
-32961
878461
313066
651421
-104144
595933
-44493
195037
594301
-665470
659637
250056
-713514
931072
465569
-190766
-355484
-78817
-549186
-799485
253937
-432453
300501
-661932
665825
758026
-843649
148466
-498567
762637
-541812
714450
-215730
-154909
-110315
390116
-266973
-310775
627509
665747
896895
858323
-726542
720667
-450227
5091
-469798
51230
-608916
-7235
950123
519946
213782
226999
-577516
-470941
936041
-935357
-655350
355933
-417770
-965030
201305
-753144
899664
632640
535792
396109
361200
-310967
-749685
98106
283163
-254735
-944670
-738370
-389106
85345
-979761
750571
-559435
-860633
29185
859239
-638499
242172
817637
811779
964730
93163
820870
639975
679170
301691
-652257
782984
53148
-871963
551585
-479223
-457585
386298
-836512
694973
249586
-220189
-82664
680146
-448686
-445738
-717245
297403
13939
862162
159471
105425
-748097
-910277
735954
322814
266691
-7154
454259
293254
826052
-529978
-418923
11186
-142217
-924898
-398911
-354738
731631
921585
-152305
340517
120048
815669
-253492
259172
-81201
-683368
801107
153430
335294
-108244
276695
605801
-168216
243732
838234
820666
-730618
-114839
39836
785543
619203
-122993
690977
-742519
-257304
-661531
234838
15680
737169
303883
-829974
844917
-836230
-889625
297598
437908
-169857
-91024
-484755
780089
-570114
932049
-323304
-378133
-239146
-99439
-210848
-367701
284641
-620431
106727
314265
879424
294223
-881940
-360967
227686
-198925
756577
-964085
796263
-386662
664934
951629
181948
469382
455932
-467847
-823906
35966
-472094
-58268
803072
-850642
-850743
-626785
130908
-399310
-365485
-202183
-584565
-653342
-689936
322332
889893
622336
-565627
737578
-644242
-543939
-378238
995732
-503670
-773780
-604044
-602562
833202
-815682
-665072
817592
-151809
-162718
-873945
-622059
-650818
-594522
92920
168952
-131976
270805
-156339
482751
287496
-235264
683463
-484965
-867891
-501098
864179
-388717
-657898
-828960
-157802
-594258
898597
-77788
-676514
802471
784694
-90872
-644422
445309
-927858
-960200
-798608
-398623
-223852
195147
-728349
452994
934377
-106427
704663
-531960
892825
769360
863019
257272
-727251
-309973
205776
895583
604084
657944
-670529
561044
195479
623852
-280041
102209
-867759
645927
-945049
-953086
562737
536211
809745
178672
648954
465178
766118
244666
499099
135461
-132339
72407
822453
-964105
-985874
309930
967787
233267
-342265
426964
128847
-525372
363115
-579782
651405
821105
-923234
83657
-190253
-626673
583055
-953094
901251
-962883
-985637
-348087
-268670
779849
119258
154265
-157404
-448826
4
875720
199494
-54012
-478944
-233546
-315472
-305123
275260
-884008
-73993
38270
-98874
-98902
497541
870939
32736
-542785
132135
-511212
-207831
-340818
-372747
918500
931746
-429677
534923
-141648
48148
672042
809119
520078
843916
52508
455350
612937
-744681
355401
-799081
-685544
286456
-778366
-304239
-750617
-395786
-631065
-119868
775441
480160
-529024
277299
431413
464838
-392360
369508
347005
391771
450295
-204299
631652
-532685
19279
343293
-585949
-229623
-192073
926918
840745
511306
-83797
-812083
-631257
-91118
-268266
-404640
-875536
323105
-287618
-807249
-203182
822687
-486428
-924921
600448
414586
-546927
516022
601251
18629
682628
-866414
-80375
-263579
-613684
-630734
-776984
846801
-59944
-770703
-692379
250126
-604136
-51068
-898968
-986902
103203
992202
-547563
671717
358528
52011
-344740
-358378
163331
-627986
-234778
-757234
906683
-428090
-583191
123612
678182
-312745
156073
631915
-777599
-207896
-74612
178307
-699531
641625
-474611
474938
-706182
395359
-15951
-287779
970059
240999
-237349
513643
-588677
104273
574036
776011
21458
-343403
-460810
-520273
330105
606914
355986
-602518
-22458
-613907
-842612
67113
703919
-728353
-501522
498156
99818
88661
-442798
-631843
-355768
835069
553167
-232549
123848
165205
346296
-703270
-529181
-807716
405648
683387
-292712
220694
921551
635175
-367650
-885656
124580
-302875
-1972
-741964
296626
-531547
26000
993595
89661
660289
774442
96517
414892
-520346
532828
209184
7564
663935
-991352
675079
-317845
-240019
176092
160557
848037
-319976
7708
657274
817732
829610
-126845
-113834
-217933
517225
-988829
-947743
-132331
-456291
-811955
-65528
-773281
-538629
820100
737055
187652
529682
98552
313078
87295
-130648
637847
-267618
355012
41730
-958272
-119165
526651
528470
700479
511764
-247186
611076
-78544
-239406
-160078
-315134
-21418
446837
368915
258750
638510
-306199
-339046
-384755
-624156
-517444
-980356
860308
829475
339601
-146944
-344056
-777534
-47343
-752932
915268
593624
-492090
-229976
-402895
949402
-106084
-919708
-570163
-468146
-798921
-28413
-786380
51010
-619064
173667
783648
-100890
-631966
-579185
-112587
306954
-374725
-718449
776864
867328
543233
943818
-823259
-378834
618163
-716229
-757782
-23112
-952711
-969381
173710
712297
-542698
-630391
862377
-46629
-884733
264942
950068
159598
669848
89825
-703432
336925
6087
233864
245242
-17379
670950
-643763
411752
161291
341630
584229
205758
-512097
-424545
968917
676467
711060
-850966
-874032
603430
975809
39097
304761
-430126
-72959
899017
-514820
-266917
883458
337668
-212611
179129
-376126
642147
-184652
-773663
-69844
913377
-54022
267648
791930
942951
-284061
651396
184312
-446539
-554643
308833
554918
550081
83645
578823
230499
133058
854144
374865
-866179
-808165
73674
725868
-593845
694076
708386
697027
-535091
121225
683010
723155
-542612
571334
639332
-203517
548093
942701
473508
-335454
-47525
-676229
60345
-528538
342731
-748779
916512
638655
587810
686216
934353
-132587
-64868
-226886
596624
603049
214176
-155565
-191588
753416
181323
-707403
57818
941145
-924060
674694
-62128
819507
-278906
597555
764948
881449
376269
168478
-556191
-301708
277374
-788924
-638919
-993629
-643172
-788502
-272284
-835277
-18973
79676
465877
-936943
541376
-173578
-947567
-771102
-373941
-791681
-552379
898336
880833
418338
843124
-146909
-737440
-778018
-854823
548856
368850
790997
-788262
492686
-688765
836550
-991022
-854120
851095
55053
971852
-539777
980177
692401
392787
833940
-165703
777880
943166
-912043
-223085
564418
-999399
804872
-105776
474620
-545286
-5714
229592
226621
-763054
482935
-576883
706242
-386730
557454
224011
-419706
-807652
-457691
293828
445544
-679652
-786846
486518
-655507
495559
-693700
706798
104400
279971
260799
-569557
-291873
-525004
796033
-532039
-540424
797052
-476903
895859
-491697
-842547
387199
651106
-545144
-241254
-778751
-506962
-238706
-210893
159073
-766702
977207
-867685
-678726
669895
810852
-196183
-196087
-382104
373737
854357
12551
-359872
-4274
695181
-463883
-342360
812112
-148623
-43517
-819780
555464
725840
-965090
362505
-863592
-703459
253390
-194655
841016
818504
527362
844149
515746
249519
-718547
874862
271802
211277
532897
350270
-175818
270701
263939
654575
-883816
154958
379504
-560284
404356
496786
549685
-379581
-809599
799993
-84221
-408602
154032
633548
783506
461135
616269
187999
-191559
-136524
69270
845326
421684
721561
858017
161452
-911421
173753
251915
342896
45414
-348280
186538
-337766
-211665
-284306
946634
258956
-486515
-22674
-734408
-314911
-665026
95930
-310224
595973
-338791
-847517
78172
925229
-540770
-721861
-708719
204865
-848198
177539
-503961
-967779
990810
-572398
206727
930677
-518435
105485
-394188
-531012
427397
-654130
-571659
850664
513333
-48739
-444408
-896743
-406314
148544
-493647
-317677
209269
475291
546097
-929918
137163
-452023
185038
351004
724816
700716
704216
-290472
-880319
932323
990264
207561
172351
-590484
170778
-99884
-535546
293944
179546
-5304
274587
731296
-217873
-3258
-122067
-385807
-241232
510974
256406
829033
306724
375013
-868941
314210
337942
-930418
-329987
-915806
-106005
-631092
564459
89480
501050
-509289
117860
998645
-807425
-650941
-128318
-135184
-566640
-200220
533449
444149
769287
381681
-724050
86684
-140715
699296
810932
-143546
306815
540904
155333
-311430
-436384
-340273
940275
722714
-641800
-29214
-430006
340677
107590
630114
-483133
-109147
-382258
-495859
-449687
-881125
89498
-639912
-812998
639663
387724
318560
-654255
-840428
647569
494427
-799572
968669
-101748
67260
-841420
-507838
-62424
204309
638567
-745903
-764820
-726720
393358
-593850
722763
403473
-880324
-430797
558217
-926369
702822
42607
-678780
920454
-628276
-677293
770971
-978446
829647
-918618
-428382
693247
-832273
821172
45738
44171
822405
-428114
-820279
131950
395139
-348500
-210917
-637105
-51440
-524202
128963
-48979
-382021
922049
-564818
-982407
-468310
-172670
-141143
630999
-835337
-756013
-399768
339631
-550407
-665625
693855
-217866
-704890
-787894
-507682
714831
-346571
-188983
-237691
338965
650675
-226807
369671
485059
450387
437301
950227
-609824
595135
766684
-672049
-294456
-858917
974045
-925311
-842357
-510899
461122
-399408
-52064
-910696
880291
-941900
518576
35090
695085
386167
989937
-192832
998736
-485596
-493001
45387
-422691
677714
361148
499696
222532
579859
662318
-233655
532603
-186320
735016
-257556
709610
-833096
728648
-133923
386254
376421
281921
-961251
-636969
164924
856538
23573
67369
253484
934844
751259
-607364
432159
414734
-582520
-463778
-702269
954061
93785
182357
-563764
524314
540177
-503944
-298434
-440708
-228983
-108950
-51221
-234948
562397
-241189
-854678
186582
99393
-634141
-762108
-2495
-545281
-351570
-445004
367328
899359
87494
-24762
-897851
-184020
332051
412315
-185451
529805
-488413
-401757
-811706
971160
604733
-217284
176566
-495245
55258
-558372
-684036
222818
-17444
-457327
411825
73385
11250
-77532
286566
-383972
-760854
-976018
140944
44376
-437837
-454611
-338455
-815929
107346
-858741
-754667
857020
-382934
-98858
384642
-728119
-513789
-226278
935881
64908
-864744
-307709
-90207
-571187
798047
-568980
-524177
-79248
-286474
85428
-653871
-859317
188642
882783
-710244
488569
-848501
747339
-741449
-454384
-936823
-436964
441660
-411930
-747530
-691781
474221
619328
960530
361829
251056
-65632
737683
-858902
828381
-131581
-543342
896560
-677501
108901
729549
425770
-930777
-814437
562970
-487165
327838
-814162
-509158
720210
-782539
-208699
513032
-437454
-448835
-914150
966706
-333961
103132
-853432
-867696
-730845
-654855
-594769
356839
178148
27715
573715
244190
93723
273648
431092
809945
626897
641693
-205896
953075
60147
-754072
716788
-73165
346236
-783348
230429
774391
951312
403044
862474
852585
-543771
249431
-913875
122065
601257
736202
513173
876454
-112552
-375242
-127950
433868
173441
-225729
156981
114474
343162
1225
-81879
371219
693099
991067
257904
235440
155034
911078
80966
777814
-853089
328906
782162
-853249
107515
815996
-134643
-250335
-435905
-769002
161680
-73768
-376600
-575602
-153689
-355688
681380
-227593
-688284
-400510
-777081
40361
580349
-28124
-919778
527493
870571
44600
838757
720147
798515
-237047
-199130
756694
310969
354632
86694
-239249
-625075
213496
880037
778266
-674380
703252
-242962
-268013
633590
944438
797795
696852
-396837
432653
-425658
-606
-799674
800637
955359
827157
-290072
53458
-194914
956047
-573121
873930
-525437
-745610
388066
-658035
80926
-766494
-175025
-693227
-734715
-240046
-989161
-572557
549860
-108122
-391947
114003
-207230
893472
-155999
-133748
-364496
827793
393089
-918586
502315
860156
-449964
-423043
82199
823712
-824513
833311
756264
-372078
-687237
-401570
735999
-362851
-266736
-360930
-764167
309040
-929830
-837036
-747114
243879
74951
465939
342841
239860
-190064
-351161
-417560
85931
-131155
-656834
633839
227194
858736
-584675
375818
676327
-531958
380959
-926801
-428374
-367771
-325392
-300830
-361915
-864622
-728984
355105
-55615
198850
-741059
-378510
445751
-55552
-400694
647840
-202533
26102
715705
-283537
-380774
-947064
-970904
667322
-24367
989329
-587153
733435
-999154
-70880
974344
398140
-975743
324575
-922274
-552004
-416402
79845
52683
213476
625936
821070
360299
-539671
285699
-66206
-964376
177285
335784
820554
983352
-746966
-117759
160592
209490
-76975
63896
508141
-207592
987822
-493733
282561
203841
780782
19011
-654755
797293
-30626
987146
990531
-700164
-500343
-167836
901448
385162
370723
531282
-885296
181794
-756862
857983
678188
985876
74113
844020
7805
-82864
-320752
-909223
-80598
116087
-398038
-34059
-798087
362010
746485
325980
749318
378883
967007
-297647
205238
-742363
335743
-140868
-91874
-779940
275395
862344
-479846
-914898
-333592
79142
169333
-280121
-843053
906980
836623
910475
-825964
-816029
391355
-845385
-625032
-975156
-950883
511244
666660
-114315
-106046
-343034
409993
273435
-693142
-304807
-47921
-545025
-461454
586197
140429
185509
757671
-993850
871546
-690317
646355
787466
455034
763364
-995041
850234
-450495
126288
193352
979110
-987109
935747
-633999
-564749
-221403
323374
-537355
-901773
690074
71642
-955548
-186456
-866619
245298
468297
-606405
503182
-834566
900367
553851
630358
545126
710115
545116
921772
-275865
67811
-776583
429839
-66911
402034
650413
-296801
87316
885144
773084
-916123
443532
-468184
-990059
181811
-704599
-168647
107265
-953832
-457625
936193
883204
738259
-451911
-702320
508652
-749312
848394
-283730
-214491
-419578
297769
102241
-679082
-317764
321145
270410
-830792
717029
-98312
75298
351579
616344
221218
-500900
95822
456400
-590033
919690
985407
506964
-251018
-507077
81121
-480427
-903807
71578
552743
-451615
-313650
-234492
555693
-881731
202766
-78132
-196109
650824
-363430
-313792
-78923
-288130
-540418
-428356
873795
-82483
-763665
-61221
-846389
766994
-496245
993891
-615978
-781451
-121086
957046
-281516
358776
226397
-260090
-267464
-147332
638084
-255541
993393
-904545
821758
-117544
-693110
752470
-635977
-165098
-928044
-455789
810039
-816191
-480718
466523
-913635
-274262
205510
-110516
56306
-625702
58603
568569
628637
-65133
-142108
207141
-705152
327079
-521209
-567474
-676371
-325415
-168122
433976
-911251
-842849
-190481
-794897
566827
-506437
-480863
573830
898199
469032
-645694
565491
680112
-732594
304596
705207
-77844
937455
-743486
-43476
-384723
228237
511486
835509
-550006
-880940
307434
-702382
-146427
-314403
706923
-29022
-453545
659338
-450706
-423345
-318468
-544123
105417
-302615
-572428
-412937
-420476
-834579
-581895
473563
-539540
999524
693763
845241
-145099
394861
-971658
-126366
23669
808736
151643
310928
719050
-696962
487975
-823083
713804
284701
-568477
633796
-311615
888797
-582544
479895
-513716
-186117
-932802
640433
-692170
292653
169777
-794139
-941989
375249
-440048
-888737
-163194
970558
960886
252108
849888
-424313
394081
709418
275187
463440
-780804
-535199
88229
-430869
-727168
-135998
-584367
-382241
344709
-643550
-871328
542851
19878
-202590
952603
-470488
658589
478785
-164828
-978961
-867589
97719
-13024
-149929
108029
689216
-175982
-982957
301614
463539
-746589
510567
-99039
561682
-994103
703091
-548168
79954
616180
824157
520888
-276968
-963393
100991
915291
-500036
-384810
-322258
-530836
-504511
297265
-314877
908359
-112319
-412209
471532
-749745
-969624
824654
-28351
25498
322145
442698
-808817
148717
-326495
-763571
-207849
-692176
475618
141789
-982606
301033
-800862
-917929
14849
242350
-851467
172849
44585
-610345
-572126
786720
375474
-293860
-385803
-858388
-484303
-284881
-381842
-754493
950419
-277040
-938602
584702
-246985
944138
-78804
547815
927750
-227090
190135
358805
352245
-143053
375202
389519
328234
-162715
-343683
-437380
-750001
538969
860433
-19086
96836
-764420
-854814
-388163
525510
741458
-178801
123913
-163098
-644437
682388
-793522
-909995
-974295
-231879
96411
-920868
-616777
548885
-428333
-892594
505775
596405
-628222
371909
59649
-895232
-159557
510496
-203738
-766505
-535335
766244
-439362
908059
922790
842968
-493123
254169
411061
798692
424176
677017
-395514
-919182
-752481
65835
-636899
188694
936884
-415373
-240749
847710
873877
536963
-548434
-408770
-498100
-76795
735639
-978095
-169144
709131
-661805
595252
934797
-553335
-874465
286325
481244
-381872
731834
993751
-79953
239802
-614255
-215583
481888
-78494
-506116
909744
625377
-54953
996907
399383
964923
69023
-963469
337182
559852
-166917
-53268
471243
86351
727792
-958550
-101169
792291
-969155
-64235
-215313
629553
-308751
-817258
654563
-122641
606959
792929
784666
-65563
283937
63233
391034
-521910
-691137
-46971
-666168
219031
681256
171195
239298
-488105
-128092
-443131
421539
549893
804385
-268976
465566
920501
-749069
-408282
829965
609053
-965995
349525
76878
-997310
699859
-926864
744622
241848
971684
474611
-713160
-80693
-399599
201674
535291
-287414
-226919
-337860
-527371
836753
815869
-540605
-119950
891616
-834148
893647
325210
-396260
950768
450778
670741
233416
-763336
-399938
-913728
-604578
704401
-610560
-775661
107775
801587
-597658
233734
-32446
-751825
70013
345477
-275140
932353
761804
52509
-837295
-51469
-810381
-857208
15981
303247
805187
165830
511572
645912
501857
-226261
-845714
466688
-230601
515236
410412
-884476
-579972
646324
957470
-277898
356374
-421001
-547868
913058
-503400
-640925
-521681
759252
-888587
941274
-192290
687654
85982
333274
-715693
219441
-251624
-782621
-505243
629949
-150240
-233285
398291
922983
-784150
952832
-401413
805598
960865
-661109
-256878
-578787
-332656
522773
-528521
-376287
492273
-101715
507230
-533866
596353
918048
611775
111372
-298435
-227036
-906389
-982196
-585816
817824
-680561
-797557
886896
975072
22113
898214
-621644
171449
469512
-735812
696544
-707455
-478002
850143
-697655
-947915
138817
-226910
-448620
-376375
631533
-786532
-50659
-659681
-483336
283104
245215
616064
345713
-868604
-20697
10268
625867
-634072
-481927
-46969
-159878
206277
-497910
600932
-871164
-436921
-385954
-185677
-362886
-985939
881162
-958584
-806851
-421746
693766
242268
836946
901414
83999
-235359
-842072
335352
144209
609717
252043
-778908
842049
439842
837651
983171
578244
-921410
89754
-805146
825194
-393658
814126
-6374
140464
-11308
649878
774926
-25628
-668892
-601159
-440492
-446561
240289
31958
927672
-53611
-667789
-839148
-446488
767381
935961
-498036
940789
-658430
-759553
-173989
-398007
241852
-615134
-423594
392548
600157
436409
-45966
965781
-863698
-76565
864647
-817981
583326
-705830
-851309
823637
86930
853537
718067
-572702
-802069
-689746
-680172
-81897
-568333
-888112
120148
-362424
833146
-653385
880274
697712
-777426
490687
-171958
-507578
-40177
-281582
34389
-117810
176549
842176
970672
-639170
-7328
334467
472067
375464
954595
-313356
10808
350134
842074
704271
482713
715462
-57734
753244
625088
-918727
398562
-5918
-834439
600705
344979
-252858
998923
-843519
450061
337931
-247361
-39970
-809606
-285568
-125364
502175
515481
-603532
462724
-473097
639370
-388710
-921102
-982279
-862588
599056
-14404
-811012
792556
280914
-214015
-12504
44653
-581321
789215
412230
400461
-373565
-182667
111851
601752
-921747
227243
-186611
117677
762838
-898284
-943417
511071
-911623
365540
599321
-373588
-32567
688670
736488
-932473
-943740
155437
-533437
330415
-250650
-5944
307984
887305
-986323
-979864
-261169
-367890
100516
-359110
-112604
402926
245529
-318539
-560761
949426
563816
-19255
-124160
-163509
133636
-32576
646044
170549
-825758
261049
827737
67124
761469
-310825
-330695
-760247
-765466
629747
942827
226965
693019
-338582
-715384
947304
833261
-213522
-292736
454227
-627168
-527163
814750
-751803
-77545
-412160
487397
931013
-747627
324720
-442002
547051
84029
-401201
-836022
820801
922686
411403
-984284
657050
-908741
659765
-907753
864892
-45745
-615915
621782
513954
-76625
521263
-786702
494918
-892094
-913901
292975
929393
-431435
-993300
-430994
451432
-360831
-312516
-736373
949260
-525231
962687
592052
900006
146810
470329
-302294
-963994
582589
-651863
-579802
-99861
942298
-943972
691216
-281985
-87923
160118
-764523
-269408
-435123
-414907
-185036
-9328
-190515
94500
945385
-66263
-618513
-733911
673418
258725
316159
-539107
-98538
848519
-344442
526013
-875174
359431
807694
-335018
12308
511938
-539430
-316615
879021
-844292
704074
-311934
-986461
-710597
660339
821900
650324
-412949
6404
-686532
-899682
-562270
-895031
359223
-908041
363733
-18936
-565836
-158585
-7066
-331601
-891280
-836492
-447164
28363
-980715
-467230
-441858
-296438
147953
221697
-15093
447715
887506
376748
286575
755496
-895949
609541
560589
721009
25748
-3775
50741
485221
-524898
428125
-323477
-640241
212541
-960811
51381
219965
41330
807241
-351397
-834808
-239849
-101644
378206
463155
-113315
642279
355580
-672199
-88225
655997
334889
-526250
934730
-437721
-565207
-164396
-19623
460842
515693
673963
-686502
112542
-239426
588817
853520
-579038
-969963
441581
724633
497051
668173
-917900
-168972
503334
-195550
-293683
-653985
-403613
275824
-232344
935126
-723476
-908609
90815
459428
202384
99638
-1716
950672
-774562
-68085
325677
-809401
476461
-287801
-294156
-945704
887102
-282340
-296534
863174
174502
14399
-389313
-950215
573597
667993
-126701
273793
16258
-257162
-649490
-638369
-19304
145401
241254
-110362
894385
401553
-891090
-166007
-202501
-303815
16099
-90956
-409711
636169
-840329
-584522
-430799
122805
-820999
249965
382397
-103382
574126
-824172
213722
-78585
-954620
-556634
-344611
247980
3467
-426048
-42176
663669
-284530
-840265
583019
311530
-594652
922287
-102198
582024
155698
895404
550631
570943
-172117
336417
831853
-292791
-84097
-10664
371202
948376
129250
479693
-547852
-940485
-484172
-752896
-550432
396550
-291323
-70027
438601
786793
-340322
-609978
558282
894780
148880
162805
79323
871146
-289811
-467686
298290
315436
737220
490183
-452310
615311
-70475
884447
904494
-114766
570631
-222705
-303116
304385
-323608
870516
687815
-330739
-695902
469584
-970247
-544440
-757001
-929912
169258
-944966
-404886
-957919
286678
939052
-236187
592592
47339
323367
995466
896658
639934
-660283
751984
651555
247628
-779357
-27323
-77083
664467
376970
63965
563538
-571627
258643
639387
-350596
-768573
-853138
785414
848845
-779623
-671523
-338042
-216180
577875
-459334
-937375
-482008
853277
6629
-134758
-906535
356413
194727
226498
461611
619959
34543
751371
243050
383421
-903186
624343
293920
806559
-877983
-570959
822476
-690434
-715933
-281840
454153
-577131
385483
283773
950729
992370
701378
-233880
25605
568679
-862696
-186795
-614235
-811238
347116
424558
-944814
424937
143732
-982870
-223420
399818
-898560
-271813
371607
-153517
274216
-115444
-78290
497069
155799
-410247
119599
-788449
40398
-51222
-99659
-754888
960942
-768066
-44610
985787
-370815
260110
-692656
512414
230938
-468914
-398079
463090
-196218
350934
-160309
269711
-577001
-135196
-690593
-98682
-461306
-35690
-383987
-714969
-497193
-726904
-833830
756806
-674223
-296972
-203893
-634590
934646
247577
-215120
822512
-822872
380936
368742
288993
325016
739308
937176
651904
-658350
-777852
667107
63952
-466832
-51277
-554203
134093
-631243
582824
-844625
435132
-201335
277183
484813
925642
269265
-39641
-239778
-184628
126123
-750211
-690086
31781
584543
-534643
-337678
594922
601452
645548
11877
193157
189828
-515916
-672371
591751
-801716
-139893
-164170
726319
632005
-332815
-959722
354103
-336002
382443
-397570
-19285
-380949
293326
-638830
-466332
214326
-687555
227071
110652
-750603
-560875
960493
963998
-466074
-345865
632180
-745466
53442
-935732
-815679
-60302
-785692
-247408
685089
-471394
-56058
687669
-482407
-442172
907541
905733
75465
-964063
674858
-477930
-486507
-597362
-869461
-423590
-251363
871139
-307011
446588
110554
144431
651484
365435
955879
574323
-580564
-527427
37208
759989
-269337
-474732
-477058
-252160
19588
-677
-55616
-178753
-528236
626485
469612
655407
-294533
-409340
433446
745120
-139448
-891476
-922538
597939
-306792
207620
-626738
859773
216443
-449509
-679390
-87055
13643
-476959
101553
114672
369881
937614
-218351
-199721
132644
398334
-961988
408285
548385
-129774
790387
-406097
505263
-971838
-123060
194725
116481
-383546
-875234
-973109
-657819
931078
-629018
552634
488277
101287
-397257
984431
-710787
-664338
646162
-183289
-833588
-974477
772978
618617
857394
947950
-217813
-200205
-892148
-843104
650860
-91081
714854
772042
-572096
105350
418594
771962
-199568
-441194
-767171
-521018
-582196
896720
511645
-370946
680780
-4119
-649404
452423
906594
-167333
-255824
-993160
905117
-825581
836069
658481
-685932
189542
225699
-94634
565618
-7894
11669
-831661
752804
881225
-87237
-91886
-258316
-635821
363635
-929117
590127
-79051
343866
351601
-795300
-555497
-358326
688727
-678365
489272
-154203
655944
-339859
466566
-46537
157889
-605503
-103977
868855
-30352
846366
-685912
303087
-228594
346156
643306
806361
-503053
-752149
211412
587851
-283007
768349
163767
-176440
348263
820595
148709
-853068
-941796
-595009
-58445
541464
-392846
-301265
238476
-344901
-473966
273835
303779
954024
-696380
264506
-867246
-679525
-238274
-537301
-540500
538020
203521
-201708
75604
-260505
202238
-378386
684538
497930
748843
-487109
549193
527242
-697027
-173774
73919
159261
-963696
-927936
-950763
-557511
661421
62618
601059
-149796
-756442
-284454
